32000000	32000000	3000
32000000	32004000	3000
32000000	32008000	2626.713160
32000000	32012000	1326.086830
32000000	32016000	1322.898980
32000000	32020000	1406.858010
32000000	32024000	1250.794470
32000000	32028000	917.105300
32000000	32032000	874.268790
32000000	32036000	825.418260
32000000	32040000	707.866230
32000000	32044000	569.357580
32000000	32048000	592.428110
32000000	32052000	450.164380
32000000	32056000	487.304340
32000000	32060000	457.161590
32000000	32064000	375.135450
32000000	32068000	282.021480
32000000	32072000	337.474510
32000000	32076000	133.659920
32000000	32080000	230.295700
32000000	32084000	233.335870
32000000	32088000	288.358570
32000000	32092000	238.150780
32000000	32096000	202.036410
32000000	32100000	213.649740
32000000	32104000	177.001780
32000000	32108000	164.279670
32000000	32112000	155.354360
32000000	32116000	192.441750
32000000	32120000	188.698260
32000000	32124000	171.841120
32000000	32128000	138.242210
32000000	32132000	169.302280
32000000	32136000	172.109330
32000000	32140000	165.774540
32000000	32144000	129.461620
32000000	32148000	167.190230
32000000	32152000	135.378040
32000000	32156000	149.474690
32000000	32160000	139.435310
32000000	32164000	217.552850
32000000	32168000	124.124530
32000000	32172000	149.787470
32000000	32176000	155.065940
32000000	32180000	192.234500
32000000	32184000	150.452280
32000000	32188000	139.512190
32000000	32192000	207.410230
32000000	32196000	171.155320
32000000	32200000	108.201940
32000000	32204000	141.558380
32000000	32208000	169.647600
32000000	32212000	161.923630
32000000	32216000	185.870850
32000000	32220000	171.468720
32000000	32224000	226.556200
32000000	32228000	154.911080
32000000	32232000	145.517120
32000000	32236000	188.632100
32000000	32240000	167.157280
32000000	32244000	133.136830
32000000	32248000	118.764170
32000000	32252000	98.261860
32000000	32256000	115.092820
32000000	32260000	79.285210
32000000	32264000	118.054010
32000000	32268000	123.722450
32000000	32272000	124.605770
32000000	32276000	128.200520
32000000	32280000	110.217240
32000000	32284000	71.475740
32000000	32288000	90.855980
32000000	32292000	90.541550
32000000	32296000	82.046630
32004000	32000000	3000
32004000	32004000	3000
32004000	32008000	3000
32004000	32012000	3000
32004000	32016000	1892.465280
32004000	32020000	1975.908032
32004000	32024000	1488.077080
32004000	32028000	1298.882837
32004000	32032000	1042.306980
32004000	32036000	933.616000
32004000	32040000	720.255750
32004000	32044000	657.426365
32004000	32048000	604.246110
32004000	32052000	529.136815
32004000	32056000	499.061360
32004000	32060000	478.588462
32004000	32064000	367.651670
32004000	32068000	324.288648
32004000	32072000	316.665180
32004000	32076000	215.222915
32004000	32080000	262.580450
32004000	32084000	254.578152
32004000	32088000	260.551430
32004000	32092000	244.106430
32004000	32096000	206.264740
32004000	32100000	222.327830
32004000	32104000	191.845382
32004000	32108000	150.252390
32004000	32112000	168.142178
32004000	32116000	169.346750
32004000	32120000	160.947220
32004000	32124000	119.858240
32004000	32128000	147.375227
32004000	32132000	157.629780
32004000	32136000	158.466950
32004000	32140000	152.832800
32004000	32144000	147.993035
32004000	32148000	146.990170
32004000	32152000	121.662330
32004000	32156000	159.387612
32004000	32160000	148.162850
32004000	32164000	153.102420
32004000	32168000	139.670077
32004000	32172000	142.464970
32004000	32176000	155.792180
32004000	32180000	143.741680
32004000	32184000	128.220000
32004000	32188000	133.213962
32004000	32192000	161.765195
32004000	32196000	122.606820
32004000	32200000	123.899192
32004000	32204000	112.271640
32004000	32208000	152.205983
32004000	32212000	148.577110
32004000	32216000	171.353240
32004000	32220000	181.309110
32004000	32224000	199.463514
32004000	32228000	155.393441
32004000	32232000	128.136680
32004000	32236000	167.958843
32004000	32240000	140.529980
32004000	32244000	130.261210
32004000	32248000	105.025100
32004000	32252000	100.586263
32004000	32256000	90.812520
32004000	32260000	82.758820
32004000	32264000	83.857210
32004000	32268000	107.870293
32004000	32272000	91.485330
32004000	32276000	103.017278
32004000	32280000	103.436050
32004000	32284000	83.817235
32004000	32288000	76.175870
32004000	32292000	80.162333
32004000	32296000	68.172660
32008000	32000000	2626.713160
32008000	32004000	3000
32008000	32008000	3000
32008000	32012000	3000
32008000	32016000	3000
32008000	32020000	3000
32008000	32024000	2069.919930
32008000	32028000	1748.041990
32008000	32032000	1211.842310
32008000	32036000	1146.483010
32008000	32040000	876.980480
32008000	32044000	735.846020
32008000	32048000	633.181690
32008000	32052000	563.075410
32008000	32056000	557.730540
32008000	32060000	590.479230
32008000	32064000	414.996730
32008000	32068000	330.816260
32008000	32072000	314.096640
32008000	32076000	147.986110
32008000	32080000	263.926160
32008000	32084000	261.844860
32008000	32088000	294.250770
32008000	32092000	271.458770
32008000	32096000	194.345670
32008000	32100000	176.099870
32008000	32104000	217.799530
32008000	32108000	171.701330
32008000	32112000	197.615210
32008000	32116000	174.908070
32008000	32120000	162.604890
32008000	32124000	172.081930
32008000	32128000	173.770680
32008000	32132000	181.039450
32008000	32136000	188.096080
32008000	32140000	162.307580
32008000	32144000	162.687550
32008000	32148000	161.494510
32008000	32152000	145.488820
32008000	32156000	218.250580
32008000	32160000	153.540520
32008000	32164000	178.891260
32008000	32168000	138.988390
32008000	32172000	126.349720
32008000	32176000	181.896130
32008000	32180000	174.585990
32008000	32184000	219.719990
32008000	32188000	140.645780
32008000	32192000	190.694790
32008000	32196000	198.276650
32008000	32200000	152.516370
32008000	32204000	147.883030
32008000	32208000	178.327580
32008000	32212000	139.102110
32008000	32216000	201.211020
32008000	32220000	200.252580
32008000	32224000	244.127920
32008000	32228000	174.941040
32008000	32232000	146.162280
32008000	32236000	214.536610
32008000	32240000	133.821260
32008000	32244000	142.352930
32008000	32248000	105.842500
32008000	32252000	108.245570
32008000	32256000	102.447550
32008000	32260000	77.080340
32008000	32264000	97.910650
32008000	32268000	132.416180
32008000	32272000	113.742250
32008000	32276000	88.947210
32008000	32280000	101.273360
32008000	32284000	84.181280
32008000	32288000	91.843870
32008000	32292000	85.759250
32008000	32296000	76.762640
32012000	32000000	1326.086830
32012000	32004000	3000
32012000	32008000	3000
32012000	32012000	3000
32012000	32016000	3000
32012000	32020000	3000
32012000	32024000	2452.828280
32012000	32028000	1879.891218
32012000	32032000	1172.564110
32012000	32036000	1116.592633
32012000	32040000	823.231890
32012000	32044000	750.515055
32012000	32048000	638.921720
32012000	32052000	572.670117
32012000	32056000	494.340030
32012000	32060000	497.057023
32012000	32064000	353.493590
32012000	32068000	343.339372
32012000	32072000	337.949080
32012000	32076000	219.156525
32012000	32080000	214.047250
32012000	32084000	243.015520
32012000	32088000	240.780960
32012000	32092000	241.315278
32012000	32096000	151.673690
32012000	32100000	170.448660
32012000	32104000	184.539630
32012000	32108000	137.920400
32012000	32112000	174.535098
32012000	32116000	173.302020
32012000	32120000	181.518460
32012000	32124000	144.747440
32012000	32128000	160.230318
32012000	32132000	148.595390
32012000	32136000	176.203010
32012000	32140000	171.614820
32012000	32144000	158.592590
32012000	32148000	138.158960
32012000	32152000	140.103390
32012000	32156000	164.154905
32012000	32160000	117.402110
32012000	32164000	155.598100
32012000	32168000	147.776265
32012000	32172000	167.959800
32012000	32176000	171.117840
32012000	32180000	164.461470
32012000	32184000	119.365430
32012000	32188000	143.824826
32012000	32192000	171.664839
32012000	32196000	135.355510
32012000	32200000	137.886100
32012000	32204000	122.440670
32012000	32208000	160.308213
32012000	32212000	156.026180
32012000	32216000	176.012710
32012000	32220000	173.527780
32012000	32224000	195.814278
32012000	32228000	160.215123
32012000	32232000	138.374080
32012000	32236000	186.791850
32012000	32240000	145.584420
32012000	32244000	136.306975
32012000	32248000	98.339500
32012000	32252000	104.771738
32012000	32256000	112.646190
32012000	32260000	88.011027
32012000	32264000	83.914050
32012000	32268000	117.950812
32012000	32272000	88.569980
32012000	32276000	89.614107
32012000	32280000	77.388450
32012000	32284000	83.006608
32012000	32288000	66.341300
32012000	32292000	77.145267
32012000	32296000	74.405630
32016000	32000000	1322.898980
32016000	32004000	1892.465280
32016000	32008000	3000
32016000	32012000	3000
32016000	32016000	3000
32016000	32020000	3000
32016000	32024000	3000
32016000	32028000	2146.130490
32016000	32032000	1311.593190
32016000	32036000	1324.091520
32016000	32040000	874.674700
32016000	32044000	804.060590
32016000	32048000	731.493420
32016000	32052000	594.343310
32016000	32056000	480.810880
32016000	32060000	549.915240
32016000	32064000	393.743860
32016000	32068000	351.098560
32016000	32072000	308.311490
32016000	32076000	176.643660
32016000	32080000	234.684280
32016000	32084000	255.389010
32016000	32088000	296.307140
32016000	32092000	301.347690
32016000	32096000	176.781050
32016000	32100000	211.198880
32016000	32104000	211.989930
32016000	32108000	169.750230
32016000	32112000	189.302760
32016000	32116000	169.411400
32016000	32120000	188.993030
32016000	32124000	200.094200
32016000	32128000	173.807760
32016000	32132000	168.708830
32016000	32136000	169.303600
32016000	32140000	156.308420
32016000	32144000	161.909030
32016000	32148000	170.367180
32016000	32152000	136.169590
32016000	32156000	180.863540
32016000	32160000	142.260420
32016000	32164000	171.379200
32016000	32168000	128.558770
32016000	32172000	131.927530
32016000	32176000	170.153960
32016000	32180000	169.505760
32016000	32184000	178.446320
32016000	32188000	185.262610
32016000	32192000	235.913600
32016000	32196000	167.629340
32016000	32200000	141.231850
32016000	32204000	156.456040
32016000	32208000	184.438420
32016000	32212000	155.482400
32016000	32216000	189.566120
32016000	32220000	177.887670
32016000	32224000	215.509430
32016000	32228000	165.735490
32016000	32232000	151.377640
32016000	32236000	248.672290
32016000	32240000	150.288710
32016000	32244000	158.951050
32016000	32248000	104.308110
32016000	32252000	99.855690
32016000	32256000	100.512470
32016000	32260000	78.403530
32016000	32264000	95.064220
32016000	32268000	166.903040
32016000	32272000	117.102730
32016000	32276000	103.550790
32016000	32280000	87.972570
32016000	32284000	104.115400
32016000	32288000	90.576020
32016000	32292000	82.074890
32016000	32296000	80.463160
32020000	32000000	1406.858010
32020000	32004000	1975.908032
32020000	32008000	3000
32020000	32012000	3000
32020000	32016000	3000
32020000	32020000	3000
32020000	32024000	3000
32020000	32028000	3000
32020000	32032000	2471.626290
32020000	32036000	1826.863330
32020000	32040000	1484.336460
32020000	32044000	1101.380967
32020000	32048000	1023.233920
32020000	32052000	788.326118
32020000	32056000	794.903750
32020000	32060000	648.502622
32020000	32064000	584.778020
32020000	32068000	489.817357
32020000	32072000	588.938950
32020000	32076000	337.896040
32020000	32080000	418.059480
32020000	32084000	333.916585
32020000	32088000	376.470650
32020000	32092000	319.991742
32020000	32096000	258.707580
32020000	32100000	159.241810
32020000	32104000	203.061762
32020000	32108000	198.690700
32020000	32112000	216.155380
32020000	32116000	252.724300
32020000	32120000	283.653360
32020000	32124000	115.178920
32020000	32128000	177.500005
32020000	32132000	222.612270
32020000	32136000	336.758420
32020000	32140000	244.964580
32020000	32144000	208.231825
32020000	32148000	217.789270
32020000	32152000	235.432320
32020000	32156000	223.345132
32020000	32160000	259.092540
32020000	32164000	226.704810
32020000	32168000	191.246903
32020000	32172000	265.366040
32020000	32176000	216.023140
32020000	32180000	246.654510
32020000	32184000	298.756490
32020000	32188000	248.860672
32020000	32192000	278.920525
32020000	32196000	323.174390
32020000	32200000	233.939752
32020000	32204000	282.481580
32020000	32208000	231.266077
32020000	32212000	253.054240
32020000	32216000	267.532040
32020000	32220000	236.759740
32020000	32224000	240.230243
32020000	32228000	208.748162
32020000	32232000	229.855960
32020000	32236000	229.431567
32020000	32240000	205.821890
32020000	32244000	169.211748
32020000	32248000	152.194470
32020000	32252000	140.247858
32020000	32256000	175.617250
32020000	32260000	126.619368
32020000	32264000	152.354380
32020000	32268000	151.281993
32020000	32272000	129.714550
32020000	32276000	122.605345
32020000	32280000	146.747820
32020000	32284000	112.692943
32020000	32288000	120.991390
32020000	32292000	107.010973
32020000	32296000	124.646280
32024000	32000000	1250.794470
32024000	32004000	1488.077080
32024000	32008000	2069.919930
32024000	32012000	2452.828280
32024000	32016000	3000
32024000	32020000	3000
32024000	32024000	3000
32024000	32028000	3000
32024000	32032000	2668.216830
32024000	32036000	2027.399050
32024000	32040000	1420.747310
32024000	32044000	1093.892900
32024000	32048000	973.578750
32024000	32052000	740.823490
32024000	32056000	690.210260
32024000	32060000	664.413480
32024000	32064000	524.570760
32024000	32068000	434.453900
32024000	32072000	438.407980
32024000	32076000	167.942070
32024000	32080000	287.142570
32024000	32084000	285.747200
32024000	32088000	362.285360
32024000	32092000	343.441050
32024000	32096000	191.966050
32024000	32100000	245.781210
32024000	32104000	242.324610
32024000	32108000	187.343150
32024000	32112000	223.903760
32024000	32116000	222.941430
32024000	32120000	204.443100
32024000	32124000	199.816570
32024000	32128000	198.401070
32024000	32132000	206.073440
32024000	32136000	184.618130
32024000	32140000	201.875200
32024000	32144000	208.264420
32024000	32148000	185.474080
32024000	32152000	195.355030
32024000	32156000	217.992130
32024000	32160000	139.046910
32024000	32164000	227.194850
32024000	32168000	144.357990
32024000	32172000	168.041130
32024000	32176000	181.918050
32024000	32180000	204.285640
32024000	32184000	187.627530
32024000	32188000	196.388500
32024000	32192000	249.698320
32024000	32196000	222.035630
32024000	32200000	188.871190
32024000	32204000	186.275170
32024000	32208000	205.090070
32024000	32212000	188.249770
32024000	32216000	215.450180
32024000	32220000	238.715020
32024000	32224000	276.494580
32024000	32228000	204.942720
32024000	32232000	178.417670
32024000	32236000	233.376130
32024000	32240000	165.148700
32024000	32244000	159.879580
32024000	32248000	130.088140
32024000	32252000	133.324020
32024000	32256000	121.388820
32024000	32260000	100.102310
32024000	32264000	130.490740
32024000	32268000	156.156000
32024000	32272000	144.739960
32024000	32276000	110.408220
32024000	32280000	132.525010
32024000	32284000	78.917160
32024000	32288000	85.256600
32024000	32292000	100.331330
32024000	32296000	96.183950
32028000	32000000	917.105300
32028000	32004000	1298.882837
32028000	32008000	1748.041990
32028000	32012000	1879.891218
32028000	32016000	2146.130490
32028000	32020000	3000
32028000	32024000	3000
32028000	32028000	3000
32028000	32032000	3000
32028000	32036000	3000
32028000	32040000	1607.688310
32028000	32044000	1422.389317
32028000	32048000	1032.485510
32028000	32052000	915.617397
32028000	32056000	739.376260
32028000	32060000	700.971133
32028000	32064000	529.272080
32028000	32068000	464.904643
32028000	32072000	410.344440
32028000	32076000	283.788097
32028000	32080000	322.424160
32028000	32084000	313.995440
32028000	32088000	294.764940
32028000	32092000	317.677807
32028000	32096000	243.504700
32028000	32100000	274.756480
32028000	32104000	245.067377
32028000	32108000	201.309670
32028000	32112000	216.341565
32028000	32116000	189.518300
32028000	32120000	262.271240
32028000	32124000	194.863960
32028000	32128000	208.418747
32028000	32132000	219.937290
32028000	32136000	168.517170
32028000	32140000	185.394340
32028000	32144000	202.361700
32028000	32148000	159.431750
32028000	32152000	134.498820
32028000	32156000	183.085425
32028000	32160000	146.246550
32028000	32164000	160.878410
32028000	32168000	158.536372
32028000	32172000	167.271510
32028000	32176000	191.537570
32028000	32180000	191.077800
32028000	32184000	156.730100
32028000	32188000	182.319878
32028000	32192000	227.146813
32028000	32196000	187.316000
32028000	32200000	179.859065
32028000	32204000	182.060410
32028000	32208000	201.122935
32028000	32212000	182.778200
32028000	32216000	225.411900
32028000	32220000	214.146130
32028000	32224000	250.398018
32028000	32228000	195.070125
32028000	32232000	170.587600
32028000	32236000	231.434075
32028000	32240000	195.850120
32028000	32244000	163.025510
32028000	32248000	111.996840
32028000	32252000	124.918090
32028000	32256000	117.586240
32028000	32260000	105.682653
32028000	32264000	107.729670
32028000	32268000	130.754245
32028000	32272000	110.192280
32028000	32276000	104.999080
32028000	32280000	82.869500
32028000	32284000	80.106517
32028000	32288000	60.849320
32028000	32292000	87.610823
32028000	32296000	82.794430
32032000	32000000	874.268790
32032000	32004000	1042.306980
32032000	32008000	1211.842310
32032000	32012000	1172.564110
32032000	32016000	1311.593190
32032000	32020000	2471.626290
32032000	32024000	2668.216830
32032000	32028000	3000
32032000	32032000	3000
32032000	32036000	3000
32032000	32040000	2732.026690
32032000	32044000	1955.490550
32032000	32048000	1366.661720
32032000	32052000	1149.784330
32032000	32056000	842.423670
32032000	32060000	870.822710
32032000	32064000	545.729810
32032000	32068000	485.548150
32032000	32072000	437.638680
32032000	32076000	234.441720
32032000	32080000	312.135330
32032000	32084000	353.045460
32032000	32088000	367.601120
32032000	32092000	389.000540
32032000	32096000	245.769810
32032000	32100000	285.025460
32032000	32104000	261.878750
32032000	32108000	194.385230
32032000	32112000	250.634530
32032000	32116000	210.727150
32032000	32120000	212.045620
32032000	32124000	182.935500
32032000	32128000	220.472670
32032000	32132000	229.376960
32032000	32136000	223.421140
32032000	32140000	204.349260
32032000	32144000	256.356290
32032000	32148000	208.324770
32032000	32152000	177.906310
32032000	32156000	233.604200
32032000	32160000	154.606620
32032000	32164000	226.766250
32032000	32168000	161.637580
32032000	32172000	159.351390
32032000	32176000	225.882920
32032000	32180000	229.522880
32032000	32184000	194.728080
32032000	32188000	199.040210
32032000	32192000	304.647530
32032000	32196000	235.971670
32032000	32200000	161.188660
32032000	32204000	218.061840
32032000	32208000	234.563060
32032000	32212000	204.193110
32032000	32216000	251.493370
32032000	32220000	253.340500
32032000	32224000	325.844250
32032000	32228000	205.123560
32032000	32232000	190.212030
32032000	32236000	325.922450
32032000	32240000	215.408060
32032000	32244000	184.375500
32032000	32248000	125.944390
32032000	32252000	136.765260
32032000	32256000	106.126290
32032000	32260000	97.312390
32032000	32264000	112.165090
32032000	32268000	148.939030
32032000	32272000	118.027400
32032000	32276000	116.526320
32032000	32280000	104.905320
32032000	32284000	97.790090
32032000	32288000	87.091170
32032000	32292000	106.468210
32032000	32296000	76.226100
32036000	32000000	825.418260
32036000	32004000	933.616000
32036000	32008000	1146.483010
32036000	32012000	1116.592633
32036000	32016000	1324.091520
32036000	32020000	1826.863330
32036000	32024000	2027.399050
32036000	32028000	3000
32036000	32032000	3000
32036000	32036000	3000
32036000	32040000	3000
32036000	32044000	3000
32036000	32048000	2437.422840
32036000	32052000	1725.631150
32036000	32056000	1355.950650
32036000	32060000	1077.048618
32036000	32064000	834.081100
32036000	32068000	670.184308
32036000	32072000	710.298000
32036000	32076000	419.363030
32036000	32080000	465.532130
32036000	32084000	442.263255
32036000	32088000	501.974780
32036000	32092000	459.271062
32036000	32096000	447.898350
32036000	32100000	357.660050
32036000	32104000	314.520080
32036000	32108000	274.530770
32036000	32112000	295.971610
32036000	32116000	325.349550
32036000	32120000	302.410280
32036000	32124000	326.320130
32036000	32128000	287.404740
32036000	32132000	298.319480
32036000	32136000	341.404250
32036000	32140000	291.697660
32036000	32144000	270.372575
32036000	32148000	246.017810
32036000	32152000	239.670340
32036000	32156000	242.743650
32036000	32160000	214.210070
32036000	32164000	310.874230
32036000	32168000	229.875355
32036000	32172000	254.430910
32036000	32176000	248.987447
32036000	32180000	257.032650
32036000	32184000	303.144830
32036000	32188000	253.556388
32036000	32192000	309.185884
32036000	32196000	258.787930
32036000	32200000	216.723797
32036000	32204000	215.159130
32036000	32208000	270.780372
32036000	32212000	312.374770
32036000	32216000	395.586440
32036000	32220000	429.935150
32036000	32224000	394.419199
32036000	32228000	289.250901
32036000	32232000	257.378430
32036000	32236000	300.542118
32036000	32240000	280.474560
32036000	32244000	217.245068
32036000	32248000	173.750960
32036000	32252000	152.234528
32036000	32256000	137.315440
32036000	32260000	121.126207
32036000	32264000	138.656060
32036000	32268000	144.067923
32036000	32272000	133.092170
32036000	32276000	129.078110
32036000	32280000	148.430620
32036000	32284000	120.276805
32036000	32288000	118.033410
32036000	32292000	111.180020
32036000	32296000	114.434820
32040000	32000000	707.866230
32040000	32004000	720.255750
32040000	32008000	876.980480
32040000	32012000	823.231890
32040000	32016000	874.674700
32040000	32020000	1484.336460
32040000	32024000	1420.747310
32040000	32028000	1607.688310
32040000	32032000	2732.026690
32040000	32036000	3000
32040000	32040000	3000
32040000	32044000	3000
32040000	32048000	3000
32040000	32052000	1959.366780
32040000	32056000	1659.498540
32040000	32060000	1247.340010
32040000	32064000	923.897610
32040000	32068000	650.809980
32040000	32072000	718.337960
32040000	32076000	267.180270
32040000	32080000	512.193520
32040000	32084000	448.500650
32040000	32088000	574.776980
32040000	32092000	498.210580
32040000	32096000	354.378740
32040000	32100000	377.839490
32040000	32104000	364.010750
32040000	32108000	298.535600
32040000	32112000	333.371590
32040000	32116000	333.526500
32040000	32120000	314.399830
32040000	32124000	261.911060
32040000	32128000	304.506680
32040000	32132000	375.837360
32040000	32136000	379.752910
32040000	32140000	318.689020
32040000	32144000	287.418540
32040000	32148000	279.501960
32040000	32152000	254.590280
32040000	32156000	283.489990
32040000	32160000	215.446030
32040000	32164000	345.213580
32040000	32168000	192.558700
32040000	32172000	254.292950
32040000	32176000	258.603310
32040000	32180000	314.307020
32040000	32184000	336.000980
32040000	32188000	238.466950
32040000	32192000	384.948880
32040000	32196000	331.920100
32040000	32200000	231.759470
32040000	32204000	285.816960
32040000	32208000	321.024530
32040000	32212000	292.373460
32040000	32216000	403.393930
32040000	32220000	422.387600
32040000	32224000	507.000060
32040000	32228000	322.085370
32040000	32232000	260.857020
32040000	32236000	338.393030
32040000	32240000	259.992300
32040000	32244000	230.379250
32040000	32248000	174.275290
32040000	32252000	161.106450
32040000	32256000	167.316680
32040000	32260000	111.220940
32040000	32264000	165.188030
32040000	32268000	155.584430
32040000	32272000	180.118150
32040000	32276000	118.263330
32040000	32280000	138.314160
32040000	32284000	116.853100
32040000	32288000	127.829140
32040000	32292000	105.783640
32040000	32296000	114.373990
32044000	32000000	569.357580
32044000	32004000	657.426365
32044000	32008000	735.846020
32044000	32012000	750.515055
32044000	32016000	804.060590
32044000	32020000	1101.380967
32044000	32024000	1093.892900
32044000	32028000	1422.389317
32044000	32032000	1955.490550
32044000	32036000	3000
32044000	32040000	3000
32044000	32044000	3000
32044000	32048000	3000
32044000	32052000	3000
32044000	32056000	2140.169550
32044000	32060000	1639.885593
32044000	32064000	1087.906970
32044000	32068000	897.665565
32044000	32072000	805.430200
32044000	32076000	506.430288
32044000	32080000	548.445230
32044000	32084000	551.346567
32044000	32088000	554.725940
32044000	32092000	522.683728
32044000	32096000	428.862540
32044000	32100000	382.568720
32044000	32104000	387.541142
32044000	32108000	336.678640
32044000	32112000	353.674575
32044000	32116000	339.356860
32044000	32120000	279.510100
32044000	32124000	319.708230
32044000	32128000	337.447008
32044000	32132000	369.994170
32044000	32136000	390.091390
32044000	32140000	321.614040
32044000	32144000	332.416730
32044000	32148000	305.177330
32044000	32152000	237.507570
32044000	32156000	306.465937
32044000	32160000	323.109860
32044000	32164000	283.322110
32044000	32168000	256.195285
32044000	32172000	275.518430
32044000	32176000	286.924022
32044000	32180000	290.425550
32044000	32184000	340.756040
32044000	32188000	314.325566
32044000	32192000	380.946084
32044000	32196000	343.238440
32044000	32200000	279.453247
32044000	32204000	242.155360
32044000	32208000	310.570630
32044000	32212000	313.230330
32044000	32216000	404.119040
32044000	32220000	404.542850
32044000	32224000	431.629680
32044000	32228000	335.622358
32044000	32232000	266.750840
32044000	32236000	341.533675
32044000	32240000	283.783870
32044000	32244000	236.712030
32044000	32248000	187.546490
32044000	32252000	178.588808
32044000	32256000	167.228370
32044000	32260000	144.026370
32044000	32264000	165.217820
32044000	32268000	183.197445
32044000	32272000	165.342080
32044000	32276000	137.545682
32044000	32280000	133.751370
32044000	32284000	123.902180
32044000	32288000	124.711840
32044000	32292000	118.767205
32044000	32296000	123.413960
32048000	32000000	592.428110
32048000	32004000	604.246110
32048000	32008000	633.181690
32048000	32012000	638.921720
32048000	32016000	731.493420
32048000	32020000	1023.233920
32048000	32024000	973.578750
32048000	32028000	1032.485510
32048000	32032000	1366.661720
32048000	32036000	2437.422840
32048000	32040000	3000
32048000	32044000	3000
32048000	32048000	3000
32048000	32052000	3000
32048000	32056000	3000
32048000	32060000	2084.125840
32048000	32064000	1406.669620
32048000	32068000	1046.515110
32048000	32072000	943.411310
32048000	32076000	404.665450
32048000	32080000	601.216700
32048000	32084000	653.714450
32048000	32088000	687.666290
32048000	32092000	608.935850
32048000	32096000	438.465460
32048000	32100000	405.954770
32048000	32104000	466.906460
32048000	32108000	374.556270
32048000	32112000	405.291210
32048000	32116000	366.214940
32048000	32120000	335.118700
32048000	32124000	328.747100
32048000	32128000	355.578950
32048000	32132000	426.484450
32048000	32136000	454.946960
32048000	32140000	395.611730
32048000	32144000	415.457010
32048000	32148000	341.223680
32048000	32152000	314.158570
32048000	32156000	381.756330
32048000	32160000	282.679060
32048000	32164000	355.170150
32048000	32168000	273.381900
32048000	32172000	293.438200
32048000	32176000	323.148800
32048000	32180000	355.752270
32048000	32184000	362.440250
32048000	32188000	335.668300
32048000	32192000	454.013510
32048000	32196000	376.756890
32048000	32200000	300.659720
32048000	32204000	330.973320
32048000	32208000	365.872300
32048000	32212000	363.928160
32048000	32216000	423.439730
32048000	32220000	464.400420
32048000	32224000	502.294300
32048000	32228000	395.041040
32048000	32232000	303.912180
32048000	32236000	477.206960
32048000	32240000	307.101010
32048000	32244000	245.138510
32048000	32248000	189.217540
32048000	32252000	198.473920
32048000	32256000	165.631650
32048000	32260000	132.438350
32048000	32264000	175.540480
32048000	32268000	246.645450
32048000	32272000	189.920990
32048000	32276000	132.825950
32048000	32280000	158.136250
32048000	32284000	120.292410
32048000	32288000	131.218580
32048000	32292000	121.159380
32048000	32296000	119.486480
32052000	32000000	450.164380
32052000	32004000	529.136815
32052000	32008000	563.075410
32052000	32012000	572.670117
32052000	32016000	594.343310
32052000	32020000	788.326118
32052000	32024000	740.823490
32052000	32028000	915.617397
32052000	32032000	1149.784330
32052000	32036000	1725.631150
32052000	32040000	1959.366780
32052000	32044000	3000
32052000	32048000	3000
32052000	32052000	3000
32052000	32056000	3000
32052000	32060000	3000
32052000	32064000	1499.690770
32052000	32068000	1319.286047
32052000	32072000	964.254850
32052000	32076000	636.076127
32052000	32080000	686.207410
32052000	32084000	692.743187
32052000	32088000	667.273280
32052000	32092000	617.906585
32052000	32096000	464.614940
32052000	32100000	520.350230
32052000	32104000	452.967670
32052000	32108000	386.684000
32052000	32112000	412.162275
32052000	32116000	385.650660
32052000	32120000	345.881860
32052000	32124000	306.248920
32052000	32128000	377.493888
32052000	32132000	446.113680
32052000	32136000	432.057160
32052000	32140000	364.849990
32052000	32144000	372.237242
32052000	32148000	306.220450
32052000	32152000	274.579430
32052000	32156000	333.858995
32052000	32160000	310.258690
32052000	32164000	334.816550
32052000	32168000	306.700435
32052000	32172000	335.718930
32052000	32176000	350.065092
32052000	32180000	336.659900
32052000	32184000	253.738520
32052000	32188000	305.413626
32052000	32192000	401.021714
32052000	32196000	334.354930
32052000	32200000	304.753677
32052000	32204000	273.969460
32052000	32208000	343.887012
32052000	32212000	368.620680
32052000	32216000	451.362520
32052000	32220000	444.855940
32052000	32224000	460.749393
32052000	32228000	354.039121
32052000	32232000	261.469410
32052000	32236000	374.087170
32052000	32240000	290.457230
32052000	32244000	259.887563
32052000	32248000	209.901820
32052000	32252000	186.740855
32052000	32256000	162.903390
32052000	32260000	150.167740
32052000	32264000	159.793010
32052000	32268000	193.546317
32052000	32272000	127.008970
32052000	32276000	128.669785
32052000	32280000	146.127020
32052000	32284000	124.534158
32052000	32288000	134.212420
32052000	32292000	123.285348
32052000	32296000	98.677310
32056000	32000000	487.304340
32056000	32004000	499.061360
32056000	32008000	557.730540
32056000	32012000	494.340030
32056000	32016000	480.810880
32056000	32020000	794.903750
32056000	32024000	690.210260
32056000	32028000	739.376260
32056000	32032000	842.423670
32056000	32036000	1355.950650
32056000	32040000	1659.498540
32056000	32044000	2140.169550
32056000	32048000	3000
32056000	32052000	3000
32056000	32056000	3000
32056000	32060000	3000
32056000	32064000	2460.272120
32056000	32068000	1766.683460
32056000	32072000	1276.881370
32056000	32076000	489.176800
32056000	32080000	762.168650
32056000	32084000	763.777610
32056000	32088000	807.784820
32056000	32092000	730.802270
32056000	32096000	504.950860
32056000	32100000	508.846890
32056000	32104000	437.929990
32056000	32108000	392.135760
32056000	32112000	471.023230
32056000	32116000	410.483630
32056000	32120000	374.503530
32056000	32124000	375.781780
32056000	32128000	402.034000
32056000	32132000	412.777410
32056000	32136000	485.885630
32056000	32140000	350.433750
32056000	32144000	402.421520
32056000	32148000	351.843610
32056000	32152000	286.552040
32056000	32156000	368.841530
32056000	32160000	277.043560
32056000	32164000	408.034580
32056000	32168000	282.884360
32056000	32172000	318.450750
32056000	32176000	404.732740
32056000	32180000	391.498200
32056000	32184000	371.601350
32056000	32188000	324.764890
32056000	32192000	535.107760
32056000	32196000	407.916110
32056000	32200000	310.030600
32056000	32204000	348.099880
32056000	32208000	367.085610
32056000	32212000	337.567660
32056000	32216000	442.909810
32056000	32220000	457.462460
32056000	32224000	573.249080
32056000	32228000	375.918940
32056000	32232000	316.202320
32056000	32236000	467.215080
32056000	32240000	284.736090
32056000	32244000	294.052690
32056000	32248000	218.242330
32056000	32252000	175.684290
32056000	32256000	166.008860
32056000	32260000	145.536210
32056000	32264000	160.798760
32056000	32268000	240.737840
32056000	32272000	178.233840
32056000	32276000	108.717200
32056000	32280000	156.498380
32056000	32284000	97.504780
32056000	32288000	131.698190
32056000	32292000	139.092280
32056000	32296000	117.120710
32060000	32000000	457.161590
32060000	32004000	478.588462
32060000	32008000	590.479230
32060000	32012000	497.057023
32060000	32016000	549.915240
32060000	32020000	648.502622
32060000	32024000	664.413480
32060000	32028000	700.971133
32060000	32032000	870.822710
32060000	32036000	1077.048618
32060000	32040000	1247.340010
32060000	32044000	1639.885593
32060000	32048000	2084.125840
32060000	32052000	3000
32060000	32056000	3000
32060000	32060000	3000
32060000	32064000	3000
32060000	32068000	3000
32060000	32072000	2117.605650
32060000	32076000	1211.508700
32060000	32080000	1169.330550
32060000	32084000	1010.323915
32060000	32088000	934.941300
32060000	32092000	838.692650
32060000	32096000	769.691830
32060000	32100000	552.847140
32060000	32104000	514.514945
32060000	32108000	513.006040
32060000	32112000	503.484150
32060000	32116000	523.813070
32060000	32120000	416.120690
32060000	32124000	445.480460
32060000	32128000	484.493528
32060000	32132000	606.190630
32060000	32136000	592.677950
32060000	32140000	462.003730
32060000	32144000	469.445905
32060000	32148000	452.592740
32060000	32152000	317.170360
32060000	32156000	382.024535
32060000	32160000	381.551650
32060000	32164000	452.944930
32060000	32168000	363.184972
32060000	32172000	414.688400
32060000	32176000	425.993288
32060000	32180000	446.211090
32060000	32184000	342.464360
32060000	32188000	365.963129
32060000	32192000	470.390781
32060000	32196000	404.899230
32060000	32200000	376.107185
32060000	32204000	391.438040
32060000	32208000	415.401745
32060000	32212000	427.940060
32060000	32216000	569.294090
32060000	32220000	537.741240
32060000	32224000	530.601242
32060000	32228000	412.167228
32060000	32232000	373.450510
32060000	32236000	430.825168
32060000	32240000	387.083410
32060000	32244000	297.271997
32060000	32248000	228.910910
32060000	32252000	213.130657
32060000	32256000	222.554630
32060000	32260000	172.808480
32060000	32264000	155.805660
32060000	32268000	211.006672
32060000	32272000	192.272020
32060000	32276000	164.890013
32060000	32280000	175.760120
32060000	32284000	137.986302
32060000	32288000	133.793740
32060000	32292000	139.073220
32060000	32296000	119.670420
32064000	32000000	375.135450
32064000	32004000	367.651670
32064000	32008000	414.996730
32064000	32012000	353.493590
32064000	32016000	393.743860
32064000	32020000	584.778020
32064000	32024000	524.570760
32064000	32028000	529.272080
32064000	32032000	545.729810
32064000	32036000	834.081100
32064000	32040000	923.897610
32064000	32044000	1087.906970
32064000	32048000	1406.669620
32064000	32052000	1499.690770
32064000	32056000	2460.272120
32064000	32060000	3000
32064000	32064000	3000
32064000	32068000	3000
32064000	32072000	3000
32064000	32076000	1069.921800
32064000	32080000	1292.493260
32064000	32084000	1173.246200
32064000	32088000	1150.606970
32064000	32092000	919.335200
32064000	32096000	687.357060
32064000	32100000	606.850150
32064000	32104000	554.276610
32064000	32108000	465.664160
32064000	32112000	506.094260
32064000	32116000	480.701350
32064000	32120000	481.641570
32064000	32124000	379.156430
32064000	32128000	484.269020
32064000	32132000	580.017170
32064000	32136000	535.171560
32064000	32140000	510.866700
32064000	32144000	560.765630
32064000	32148000	483.240680
32064000	32152000	377.618200
32064000	32156000	460.534600
32064000	32160000	349.369470
32064000	32164000	447.280680
32064000	32168000	302.222200
32064000	32172000	361.358400
32064000	32176000	438.340920
32064000	32180000	496.725750
32064000	32184000	456.472410
32064000	32188000	412.535660
32064000	32192000	578.280150
32064000	32196000	470.349150
32064000	32200000	398.060870
32064000	32204000	414.896000
32064000	32208000	475.143270
32064000	32212000	431.332380
32064000	32216000	516.629210
32064000	32220000	497.791270
32064000	32224000	583.200560
32064000	32228000	416.321800
32064000	32232000	353.553520
32064000	32236000	495.551670
32064000	32240000	368.669210
32064000	32244000	279.040980
32064000	32248000	237.529950
32064000	32252000	225.372800
32064000	32256000	214.402090
32064000	32260000	167.337420
32064000	32264000	205.899200
32064000	32268000	255.211170
32064000	32272000	202.496400
32064000	32276000	182.810710
32064000	32280000	176.311090
32064000	32284000	144.886570
32064000	32288000	149.187070
32064000	32292000	163.736440
32064000	32296000	135.620320
32068000	32000000	282.021480
32068000	32004000	324.288648
32068000	32008000	330.816260
32068000	32012000	343.339372
32068000	32016000	351.098560
32068000	32020000	489.817357
32068000	32024000	434.453900
32068000	32028000	464.904643
32068000	32032000	485.548150
32068000	32036000	670.184308
32068000	32040000	650.809980
32068000	32044000	897.665565
32068000	32048000	1046.515110
32068000	32052000	1319.286047
32068000	32056000	1766.683460
32068000	32060000	3000
32068000	32064000	3000
32068000	32068000	3000
32068000	32072000	3000
32068000	32076000	2208.859158
32068000	32080000	1366.469810
32068000	32084000	1403.336982
32068000	32088000	954.764040
32068000	32092000	990.426837
32068000	32096000	641.054210
32068000	32100000	489.470490
32068000	32104000	551.373450
32068000	32108000	452.868530
32068000	32112000	506.948332
32068000	32116000	400.008950
32068000	32120000	275.178350
32068000	32124000	360.473160
32068000	32128000	502.699203
32068000	32132000	497.544960
32068000	32136000	477.692570
32068000	32140000	437.101330
32068000	32144000	516.038805
32068000	32148000	383.195090
32068000	32152000	337.874370
32068000	32156000	405.184355
32068000	32160000	350.374430
32068000	32164000	334.350980
32068000	32168000	346.405570
32068000	32172000	344.927580
32068000	32176000	427.733218
32068000	32180000	370.156600
32068000	32184000	339.459920
32068000	32188000	384.055612
32068000	32192000	513.093538
32068000	32196000	375.106070
32068000	32200000	385.858242
32068000	32204000	321.066770
32068000	32208000	438.884440
32068000	32212000	410.153960
32068000	32216000	392.734040
32068000	32220000	434.049590
32068000	32224000	524.288297
32068000	32228000	402.684708
32068000	32232000	301.941410
32068000	32236000	431.545785
32068000	32240000	307.156520
32068000	32244000	294.073590
32068000	32248000	203.016600
32068000	32252000	208.857867
32068000	32256000	172.557660
32068000	32260000	179.895765
32068000	32264000	163.136270
32068000	32268000	220.949298
32068000	32272000	152.552480
32068000	32276000	179.708220
32068000	32280000	157.613790
32068000	32284000	157.079977
32068000	32288000	124.482430
32068000	32292000	152.043653
32068000	32296000	116.505930
32072000	32000000	337.474510
32072000	32004000	316.665180
32072000	32008000	314.096640
32072000	32012000	337.949080
32072000	32016000	308.311490
32072000	32020000	588.938950
32072000	32024000	438.407980
32072000	32028000	410.344440
32072000	32032000	437.638680
32072000	32036000	710.298000
32072000	32040000	718.337960
32072000	32044000	805.430200
32072000	32048000	943.411310
32072000	32052000	964.254850
32072000	32056000	1276.881370
32072000	32060000	2117.605650
32072000	32064000	3000
32072000	32068000	3000
32072000	32072000	3000
32072000	32076000	2464.260830
32072000	32080000	2454.552150
32072000	32084000	2118.867880
32072000	32088000	1719.444240
32072000	32092000	1446.553900
32072000	32096000	858.658390
32072000	32100000	751.799470
32072000	32104000	708.878170
32072000	32108000	604.236430
32072000	32112000	668.821590
32072000	32116000	569.546050
32072000	32120000	470.731870
32072000	32124000	496.338310
32072000	32128000	668.509670
32072000	32132000	670.916920
32072000	32136000	735.631700
32072000	32140000	673.302990
32072000	32144000	683.093170
32072000	32148000	584.387510
32072000	32152000	450.151460
32072000	32156000	471.954020
32072000	32160000	500.216740
32072000	32164000	510.268370
32072000	32168000	404.121520
