32000000	32000000	3000
32000000	32004000	3000
32000000	32008000	3000
32000000	32012000	1704.003330
32000000	32016000	1549.873140
32000000	32020000	1424.405630
32000000	32024000	1076.101550
32000000	32028000	826.308830
32000000	32032000	678.507590
32000000	32036000	678.150570
32000000	32040000	611.962720
32000000	32044000	493.092700
32000000	32048000	529.052300
32000000	32052000	427.220280
32000000	32056000	391.860660
32000000	32060000	400.309740
32000000	32064000	359.491930
32000000	32068000	259.846630
32000000	32072000	278.046030
32000000	32076000	130.420870
32000000	32080000	170.188100
32000000	32084000	223.394910
32000000	32088000	278.883030
32000000	32092000	214.303730
32000000	32096000	141.786910
32000000	32100000	89.145470
32000000	32104000	145.810920
32000000	32108000	119.252590
32000000	32112000	148.640510
32000000	32116000	118.912110
32000000	32120000	121.382310
32000000	32124000	83.044270
32000000	32128000	105.475140
32000000	32132000	88.415330
32000000	32136000	69.974080
32000000	32140000	49.027380
32000000	32144000	51.412830
32000000	32148000	32.512920
32000000	32152000	22.902030
32000000	32156000	35.751500
32000000	32160000	22.432030
32000000	32164000	23.178590
32000000	32168000	20.758440
32000000	32172000	29.523080
32000000	32176000	24.799210
32000000	32180000	39.341240
32000000	32184000	34.402760
32000000	32188000	44.531150
32000000	32192000	48.185030
32000000	32196000	51.728910
32000000	32200000	86.747750
32000000	32204000	100.696140
32000000	32208000	131.422410
32000000	32212000	120.511190
32000000	32216000	137.211100
32000000	32220000	132.886270
32000000	32224000	251.313930
32000000	32228000	227.477310
32000000	32232000	216.412140
32000000	32236000	404.856170
32000000	32240000	283.502280
32000000	32244000	249.981590
32000000	32248000	272.168860
32000000	32252000	250.740700
32000000	32256000	281.840740
32000000	32260000	262.128580
32000000	32264000	309.980410
32000000	32268000	446.515330
32000000	32272000	349.613580
32000000	32276000	279.052890
32000000	32280000	289.815710
32000000	32284000	229.690800
32000000	32288000	253.513440
32000000	32292000	255.978710
32000000	32296000	243.219000
32004000	32000000	3000
32004000	32004000	3000
32004000	32008000	3000
32004000	32012000	3000
32004000	32016000	1898.707610
32004000	32020000	1791.458838
32004000	32024000	1063.010890
32004000	32028000	920.003462
32004000	32032000	630.885480
32004000	32036000	690.488315
32004000	32040000	533.983790
32004000	32044000	528.410815
32004000	32048000	483.815190
32004000	32052000	441.957950
32004000	32056000	365.140250
32004000	32060000	379.954932
32004000	32064000	305.337150
32004000	32068000	280.391758
32004000	32072000	257.970250
32004000	32076000	167.338540
32004000	32080000	152.591660
32004000	32084000	192.896975
32004000	32088000	191.784850
32004000	32092000	199.055348
32004000	32096000	127.659080
32004000	32100000	73.608800
32004000	32104000	117.401727
32004000	32108000	93.902710
32004000	32112000	122.116017
32004000	32116000	85.592720
32004000	32120000	58.732080
32004000	32124000	78.588400
32004000	32128000	87.519913
32004000	32132000	53.464710
32004000	32136000	56.333810
32004000	32140000	29.380370
32004000	32144000	37.615160
32004000	32148000	25.678510
32004000	32152000	24.459270
32004000	32156000	32.083735
32004000	32160000	30.081180
32004000	32164000	25.086090
32004000	32168000	25.254378
32004000	32172000	34.761650
32004000	32176000	31.641628
32004000	32180000	25.750710
32004000	32184000	29.358050
32004000	32188000	39.974090
32004000	32192000	45.561763
32004000	32196000	54.636080
32004000	32200000	70.175583
32004000	32204000	63.707910
32004000	32208000	116.350350
32004000	32212000	114.610160
32004000	32216000	108.813670
32004000	32220000	130.666500
32004000	32224000	196.582374
32004000	32228000	214.673629
32004000	32232000	197.504770
32004000	32236000	316.628370
32004000	32240000	231.102100
32004000	32244000	250.651640
32004000	32248000	225.105840
32004000	32252000	254.126390
32004000	32256000	246.011220
32004000	32260000	257.527835
32004000	32264000	262.000980
32004000	32268000	344.896048
32004000	32272000	255.255020
32004000	32276000	271.155638
32004000	32280000	198.671870
32004000	32284000	221.424792
32004000	32288000	225.057350
32004000	32292000	239.250178
32004000	32296000	210.734090
32008000	32000000	3000
32008000	32004000	3000
32008000	32008000	3000
32008000	32012000	3000
32008000	32016000	3000
32008000	32020000	2779.711220
32008000	32024000	1572.423560
32008000	32028000	1159.808650
32008000	32032000	804.423290
32008000	32036000	918.933420
32008000	32040000	698.593870
32008000	32044000	602.751580
32008000	32048000	571.289290
32008000	32052000	491.656080
32008000	32056000	430.979110
32008000	32060000	449.032590
32008000	32064000	339.155450
32008000	32068000	298.413000
32008000	32072000	285.870820
32008000	32076000	128.371380
32008000	32080000	183.952630
32008000	32084000	203.816480
32008000	32088000	243.114590
32008000	32092000	262.473730
32008000	32096000	145.414480
32008000	32100000	109.258750
32008000	32104000	156.284480
32008000	32108000	116.325610
32008000	32112000	160.328130
32008000	32116000	103.476140
32008000	32120000	129.109700
32008000	32124000	78.366140
32008000	32128000	112.551400
32008000	32132000	104.844200
32008000	32136000	65.905380
32008000	32140000	52.062810
32008000	32144000	43.988930
32008000	32148000	27.962800
32008000	32152000	23.213520
32008000	32156000	38.042990
32008000	32160000	19.217410
32008000	32164000	28.169300
32008000	32168000	20.411330
32008000	32172000	23.726820
32008000	32176000	41.254940
32008000	32180000	33.177600
32008000	32184000	48.508770
32008000	32188000	39.797090
32008000	32192000	41.641880
32008000	32196000	61.362730
32008000	32200000	75.610590
32008000	32204000	104.169130
32008000	32208000	155.660920
32008000	32212000	121.264530
32008000	32216000	142.242290
32008000	32220000	172.607660
32008000	32224000	229.123720
32008000	32228000	280.766510
32008000	32232000	201.951450
32008000	32236000	433.050440
32008000	32240000	282.954160
32008000	32244000	296.417030
32008000	32248000	273.193820
32008000	32252000	294.647800
32008000	32256000	276.314630
32008000	32260000	259.970560
32008000	32264000	287.043050
32008000	32268000	415.812860
32008000	32272000	343.902480
32008000	32276000	351.642770
32008000	32280000	263.885580
32008000	32284000	232.279150
32008000	32288000	253.079260
32008000	32292000	265.230560
32008000	32296000	225.175990
32012000	32000000	1704.003330
32012000	32004000	3000
32012000	32008000	3000
32012000	32012000	3000
32012000	32016000	3000
32012000	32020000	3000
32012000	32024000	1840.067670
32012000	32028000	1518.844762
32012000	32032000	914.429070
32012000	32036000	970.343877
32012000	32040000	669.521290
32012000	32044000	649.387162
32012000	32048000	552.657020
32012000	32052000	529.470755
32012000	32056000	438.723840
32012000	32060000	460.742358
32012000	32064000	341.348740
32012000	32068000	316.599783
32012000	32072000	285.438680
32012000	32076000	199.910442
32012000	32080000	180.186380
32012000	32084000	215.816503
32012000	32088000	211.474950
32012000	32092000	242.963527
32012000	32096000	156.578120
32012000	32100000	124.716720
32012000	32104000	139.927093
32012000	32108000	108.190770
32012000	32112000	142.181875
32012000	32116000	94.005390
32012000	32120000	58.909590
32012000	32124000	93.796490
32012000	32128000	103.555575
32012000	32132000	81.075860
32012000	32136000	59.866110
32012000	32140000	37.184670
32012000	32144000	43.105517
32012000	32148000	37.653150
32012000	32152000	28.729850
32012000	32156000	34.858570
32012000	32160000	38.433160
32012000	32164000	26.957520
32012000	32168000	26.053917
32012000	32172000	24.900820
32012000	32176000	36.282140
32012000	32180000	43.966380
32012000	32184000	25.769240
32012000	32188000	32.499288
32012000	32192000	36.472419
32012000	32196000	26.124640
32012000	32200000	68.994753
32012000	32204000	75.778140
32012000	32208000	135.142677
32012000	32212000	123.804510
32012000	32216000	134.985130
32012000	32220000	159.837100
32012000	32224000	241.330476
32012000	32228000	245.691769
32012000	32232000	216.742940
32012000	32236000	371.355720
32012000	32240000	261.282330
32012000	32244000	280.564252
32012000	32248000	256.654110
32012000	32252000	277.147832
32012000	32256000	260.508500
32012000	32260000	266.810997
32012000	32264000	242.453510
32012000	32268000	350.795138
32012000	32272000	274.036620
32012000	32276000	299.048752
32012000	32280000	231.516190
32012000	32284000	238.401387
32012000	32288000	244.527260
32012000	32292000	265.951473
32012000	32296000	225.585240
32016000	32000000	1549.873140
32016000	32004000	1898.707610
32016000	32008000	3000
32016000	32012000	3000
32016000	32016000	3000
32016000	32020000	3000
32016000	32024000	3000
32016000	32028000	2161.073660
32016000	32032000	1263.607700
32016000	32036000	1378.491730
32016000	32040000	955.146340
32016000	32044000	772.618760
32016000	32048000	674.938720
32016000	32052000	634.846080
32016000	32056000	536.814200
32016000	32060000	613.864260
32016000	32064000	445.645550
32016000	32068000	341.198710
32016000	32072000	319.278980
32016000	32076000	205.645330
32016000	32080000	207.829490
32016000	32084000	267.788200
32016000	32088000	274.057890
32016000	32092000	341.327310
32016000	32096000	155.203990
32016000	32100000	151.158000
32016000	32104000	170.516400
32016000	32108000	135.456620
32016000	32112000	206.203210
32016000	32116000	132.411710
32016000	32120000	108.213520
32016000	32124000	91.798540
32016000	32128000	126.798550
32016000	32132000	110.528910
32016000	32136000	73.858620
32016000	32140000	50.673320
32016000	32144000	53.595320
32016000	32148000	28.841700
32016000	32152000	21.796490
32016000	32156000	34.228280
32016000	32160000	32.737400
32016000	32164000	19.176800
32016000	32168000	31.946000
32016000	32172000	25.525010
32016000	32176000	35.006420
32016000	32180000	39.694610
32016000	32184000	25.484960
32016000	32188000	38.424650
32016000	32192000	52.235450
32016000	32196000	59.791310
32016000	32200000	98.465640
32016000	32204000	137.414840
32016000	32208000	185.327140
32016000	32212000	144.440680
32016000	32216000	163.753510
32016000	32220000	174.834600
32016000	32224000	378.586760
32016000	32228000	306.451910
32016000	32232000	247.768420
32016000	32236000	574.347170
32016000	32240000	319.141320
32016000	32244000	307.903540
32016000	32248000	335.798520
32016000	32252000	296.780920
32016000	32256000	298.139610
32016000	32260000	304.311420
32016000	32264000	353.126020
32016000	32268000	470.877560
32016000	32272000	325.816730
32016000	32276000	338.999430
32016000	32280000	291.231680
32016000	32284000	245.282950
32016000	32288000	259.531660
32016000	32292000	328.462830
32016000	32296000	256.363160
32020000	32000000	1424.405630
32020000	32004000	1791.458838
32020000	32008000	2779.711220
32020000	32012000	3000
32020000	32016000	3000
32020000	32020000	3000
32020000	32024000	3000
32020000	32028000	3000
32020000	32032000	2453.394800
32020000	32036000	2011.160430
32020000	32040000	1661.834910
32020000	32044000	1188.106755
32020000	32048000	1112.796660
32020000	32052000	866.918563
32020000	32056000	890.200580
32020000	32060000	752.828162
32020000	32064000	701.929720
32020000	32068000	531.887187
32020000	32072000	618.987670
32020000	32076000	359.339423
32020000	32080000	402.221410
32020000	32084000	339.000407
32020000	32088000	365.865760
32020000	32092000	355.673425
32020000	32096000	342.638910
32020000	32100000	272.317360
32020000	32104000	239.147775
32020000	32108000	258.254210
32020000	32112000	242.150210
32020000	32116000	239.408750
32020000	32120000	113.608720
32020000	32124000	116.854620
32020000	32128000	149.625735
32020000	32132000	136.250470
32020000	32136000	165.728230
32020000	32140000	71.662950
32020000	32144000	65.918008
32020000	32148000	70.386540
32020000	32152000	29.348320
32020000	32156000	38.310435
32020000	32160000	48.504070
32020000	32164000	52.318280
32020000	32168000	50.132850
32020000	32172000	73.166960
32020000	32176000	62.007993
32020000	32180000	77.016570
32020000	32184000	86.934120
32020000	32188000	79.072674
32020000	32192000	86.503731
32020000	32196000	122.519770
32020000	32200000	144.250325
32020000	32204000	191.618070
32020000	32208000	210.561562
32020000	32212000	227.384570
32020000	32216000	227.281980
32020000	32220000	330.212480
32020000	32224000	401.880482
32020000	32228000	369.536938
32020000	32232000	425.343650
32020000	32236000	520.326563
32020000	32240000	451.193930
32020000	32244000	412.626463
32020000	32248000	490.017660
32020000	32252000	407.768130
32020000	32256000	447.540740
32020000	32260000	394.277418
32020000	32264000	493.168850
32020000	32268000	482.929673
32020000	32272000	406.529890
32020000	32276000	393.290057
32020000	32280000	432.455080
32020000	32284000	337.135965
32020000	32288000	394.027340
32020000	32292000	339.740203
32020000	32296000	304.671310
32024000	32000000	1076.101550
32024000	32004000	1063.010890
32024000	32008000	1572.423560
32024000	32012000	1840.067670
32024000	32016000	3000
32024000	32020000	3000
32024000	32024000	3000
32024000	32028000	3000
32024000	32032000	2974.983580
32024000	32036000	2550.920280
32024000	32040000	1670.068030
32024000	32044000	1205.176690
32024000	32048000	1101.039910
32024000	32052000	829.830930
32024000	32056000	771.895240
32024000	32060000	805.318090
32024000	32064000	591.805120
32024000	32068000	465.432650
32024000	32072000	471.585060
32024000	32076000	210.503280
32024000	32080000	277.270970
32024000	32084000	320.126260
32024000	32088000	454.874040
32024000	32092000	372.861720
32024000	32096000	249.239590
32024000	32100000	228.720680
32024000	32104000	255.503130
32024000	32108000	204.626580
32024000	32112000	264.734670
32024000	32116000	197.265610
32024000	32120000	183.204450
32024000	32124000	142.864620
32024000	32128000	218.599300
32024000	32132000	169.564730
32024000	32136000	136.281740
32024000	32140000	85.951680
32024000	32144000	68.027220
32024000	32148000	50.471490
32024000	32152000	32.810880
32024000	32156000	41.161070
32024000	32160000	21.486650
32024000	32164000	38.456900
32024000	32168000	43.100160
32024000	32172000	43.213260
32024000	32176000	62.842020
32024000	32180000	62.968570
32024000	32184000	82.766640
32024000	32188000	80.274040
32024000	32192000	72.463700
32024000	32196000	104.719260
32024000	32200000	164.397820
32024000	32204000	196.181640
32024000	32208000	237.916470
32024000	32212000	213.417850
32024000	32216000	266.239370
32024000	32220000	303.004830
32024000	32224000	505.089430
32024000	32228000	384.429320
32024000	32232000	373.869070
32024000	32236000	630.421500
32024000	32240000	453.580940
32024000	32244000	401.390720
32024000	32248000	399.443210
32024000	32252000	396.733200
32024000	32256000	375.955740
32024000	32260000	332.088660
32024000	32264000	400.487790
32024000	32268000	561.142390
32024000	32272000	423.612170
32024000	32276000	395.175830
32024000	32280000	330.050060
32024000	32284000	276.778490
32024000	32288000	293.769640
32024000	32292000	331.799330
32024000	32296000	280.066920
32028000	32000000	826.308830
32028000	32004000	920.003462
32028000	32008000	1159.808650
32028000	32012000	1518.844762
32028000	32016000	2161.073660
32028000	32020000	3000
32028000	32024000	3000
32028000	32028000	3000
32028000	32032000	3000
32028000	32036000	3000
32028000	32040000	2172.682610
32028000	32044000	1682.858682
32028000	32048000	1241.149290
32028000	32052000	1016.705798
32028000	32056000	806.973110
32028000	32060000	801.161057
32028000	32064000	626.277370
32028000	32068000	533.615497
32028000	32072000	456.646670
32028000	32076000	327.335770
32028000	32080000	350.394510
32028000	32084000	363.255127
32028000	32088000	369.964730
32028000	32092000	374.396225
32028000	32096000	270.538200
32028000	32100000	174.608800
32028000	32104000	248.907755
32028000	32108000	210.842230
32028000	32112000	242.740570
32028000	32116000	173.318660
32028000	32120000	177.979850
32028000	32124000	210.981890
32028000	32128000	216.030370
32028000	32132000	167.078900
32028000	32136000	166.797150
32028000	32140000	82.435400
32028000	32144000	70.533428
32028000	32148000	49.275590
32028000	32152000	50.611440
32028000	32156000	47.390482
32028000	32160000	45.358820
32028000	32164000	63.434290
32028000	32168000	51.492047
32028000	32172000	51.888540
32028000	32176000	66.048775
32028000	32180000	85.836900
32028000	32184000	95.648700
32028000	32188000	103.069911
32028000	32192000	97.448137
32028000	32196000	111.260960
32028000	32200000	161.152500
32028000	32204000	149.678380
32028000	32208000	225.294823
32028000	32212000	222.949760
32028000	32216000	280.140180
32028000	32220000	368.993420
32028000	32224000	461.970108
32028000	32228000	403.705371
32028000	32232000	362.640190
32028000	32236000	543.400830
32028000	32240000	434.210870
32028000	32244000	405.082358
32028000	32248000	366.146310
32028000	32252000	381.283405
32028000	32256000	390.036890
32028000	32260000	345.642360
32028000	32264000	315.491690
32028000	32268000	434.465798
32028000	32272000	377.327320
32028000	32276000	359.715765
32028000	32280000	334.503720
32028000	32284000	284.239213
32028000	32288000	291.813360
32028000	32292000	313.652618
32028000	32296000	310.616950
32032000	32000000	678.507590
32032000	32004000	630.885480
32032000	32008000	804.423290
32032000	32012000	914.429070
32032000	32016000	1263.607700
32032000	32020000	2453.394800
32032000	32024000	2974.983580
32032000	32028000	3000
32032000	32032000	3000
32032000	32036000	3000
32032000	32040000	3000
32032000	32044000	2112.426140
32032000	32048000	1454.858450
32032000	32052000	1188.869860
32032000	32056000	898.993850
32032000	32060000	966.075660
32032000	32064000	690.003550
32032000	32068000	586.105300
32032000	32072000	503.016660
32032000	32076000	291.798620
32032000	32080000	342.222040
32032000	32084000	412.535010
32032000	32088000	479.894620
32032000	32092000	484.220250
32032000	32096000	288.969220
32032000	32100000	270.944060
32032000	32104000	354.676860
32032000	32108000	234.977760
32032000	32112000	322.066720
32032000	32116000	220.594810
32032000	32120000	232.112870
32032000	32124000	199.550710
32032000	32128000	267.461390
32032000	32132000	220.414390
32032000	32136000	192.499950
32032000	32140000	121.429950
32032000	32144000	82.395500
32032000	32148000	58.979960
32032000	32152000	55.906860
32032000	32156000	52.430600
32032000	32160000	49.325570
32032000	32164000	53.186330
32032000	32168000	47.545200
32032000	32172000	50.985160
32032000	32176000	63.627640
32032000	32180000	59.849490
32032000	32184000	88.829610
32032000	32188000	130.300030
32032000	32192000	105.215100
32032000	32196000	128.979900
32032000	32200000	219.272840
32032000	32204000	237.170380
32032000	32208000	290.634680
32032000	32212000	264.761210
32032000	32216000	341.368890
32032000	32220000	408.118040
32032000	32224000	609.039650
32032000	32228000	500.876300
32032000	32232000	398.225110
32032000	32236000	746.330760
32032000	32240000	416.842630
32032000	32244000	418.581530
32032000	32248000	380.682110
32032000	32252000	372.217220
32032000	32256000	356.497340
32032000	32260000	344.952200
32032000	32264000	356.435620
32032000	32268000	483.901790
32032000	32272000	416.269920
32032000	32276000	331.856190
32032000	32280000	309.486610
32032000	32284000	233.861280
32032000	32288000	265.342360
32032000	32292000	320.380830
32032000	32296000	230.377030
32036000	32000000	678.150570
32036000	32004000	690.488315
32036000	32008000	918.933420
32036000	32012000	970.343877
32036000	32016000	1378.491730
32036000	32020000	2011.160430
32036000	32024000	2550.920280
32036000	32028000	3000
32036000	32032000	3000
32036000	32036000	3000
32036000	32040000	3000
32036000	32044000	3000
32036000	32048000	2418.057260
32036000	32052000	1682.286890
32036000	32056000	1307.260490
32036000	32060000	1123.169870
32036000	32064000	930.780680
32036000	32068000	752.345712
32036000	32072000	762.539950
32036000	32076000	475.859775
32036000	32080000	523.848670
32036000	32084000	502.572365
32036000	32088000	571.099440
32036000	32092000	503.269277
32036000	32096000	411.140490
32036000	32100000	234.308200
32036000	32104000	325.047675
32036000	32108000	319.333920
32036000	32112000	331.932362
32036000	32116000	280.592330
32036000	32120000	328.463980
32036000	32124000	197.109530
32036000	32128000	268.632907
32036000	32132000	296.476850
32036000	32136000	281.716200
32036000	32140000	99.406240
32036000	32144000	91.400555
32036000	32148000	83.908360
32036000	32152000	85.236720
32036000	32156000	77.050848
32036000	32160000	65.939930
32036000	32164000	65.753260
32036000	32168000	62.305830
32036000	32172000	82.510600
32036000	32176000	85.086777
32036000	32180000	108.687520
32036000	32184000	131.373720
32036000	32188000	132.158048
32036000	32192000	135.171530
32036000	32196000	157.054980
32036000	32200000	230.964480
32036000	32204000	258.254140
32036000	32208000	331.827965
32036000	32212000	357.163250
32036000	32216000	420.625060
32036000	32220000	595.667250
32036000	32224000	647.148832
32036000	32228000	541.654356
32036000	32232000	527.105110
32036000	32236000	654.050475
32036000	32240000	551.455290
32036000	32244000	480.610380
32036000	32248000	478.736810
32036000	32252000	434.608145
32036000	32256000	454.238580
32036000	32260000	392.119905
32036000	32264000	391.450910
32036000	32268000	448.647075
32036000	32272000	421.378790
32036000	32276000	384.300858
32036000	32280000	407.873270
32036000	32284000	312.136970
32036000	32288000	346.403020
32036000	32292000	316.488135
32036000	32296000	299.654150
32040000	32000000	611.962720
32040000	32004000	533.983790
32040000	32008000	698.593870
32040000	32012000	669.521290
32040000	32016000	955.146340
32040000	32020000	1661.834910
32040000	32024000	1670.068030
32040000	32028000	2172.682610
32040000	32032000	3000
32040000	32036000	3000
32040000	32040000	3000
32040000	32044000	3000
32040000	32048000	3000
32040000	32052000	1814.959950
32040000	32056000	1559.916860
32040000	32060000	1288.562650
32040000	32064000	1046.201530
32040000	32068000	729.956920
32040000	32072000	762.785050
32040000	32076000	325.251860
32040000	32080000	503.482380
32040000	32084000	502.806340
32040000	32088000	636.439030
32040000	32092000	546.616930
32040000	32096000	372.041460
32040000	32100000	375.327300
32040000	32104000	391.871720
32040000	32108000	341.412420
32040000	32112000	405.736480
32040000	32116000	311.669320
32040000	32120000	298.855390
32040000	32124000	244.831600
32040000	32128000	313.483860
32040000	32132000	346.319610
32040000	32136000	310.984450
32040000	32140000	184.700240
32040000	32144000	99.892120
32040000	32148000	78.726410
32040000	32152000	67.277880
32040000	32156000	104.596140
32040000	32160000	56.226380
32040000	32164000	83.839420
32040000	32168000	53.414260
32040000	32172000	79.755840
32040000	32176000	85.521350
32040000	32180000	102.117080
32040000	32184000	135.174390
32040000	32188000	118.463880
32040000	32192000	138.481900
32040000	32196000	171.075050
32040000	32200000	289.275960
32040000	32204000	326.871210
32040000	32208000	421.259790
32040000	32212000	385.899740
32040000	32216000	474.338230
32040000	32220000	618.232260
32040000	32224000	833.929270
32040000	32228000	565.822810
32040000	32232000	484.590260
32040000	32236000	791.310740
32040000	32240000	514.578760
32040000	32244000	473.667890
32040000	32248000	440.442160
32040000	32252000	433.239970
32040000	32256000	410.395720
32040000	32260000	377.837930
32040000	32264000	431.448950
32040000	32268000	497.856810
32040000	32272000	466.933770
32040000	32276000	376.095180
32040000	32280000	335.898690
32040000	32284000	260.410310
32040000	32288000	316.343580
32040000	32292000	299.514540
32040000	32296000	276.256520
32044000	32000000	493.092700
32044000	32004000	528.410815
32044000	32008000	602.751580
32044000	32012000	649.387162
32044000	32016000	772.618760
32044000	32020000	1188.106755
32044000	32024000	1205.176690
32044000	32028000	1682.858682
32044000	32032000	2112.426140
32044000	32036000	3000
32044000	32040000	3000
32044000	32044000	3000
32044000	32048000	3000
32044000	32052000	3000
32044000	32056000	2011.091100
32044000	32060000	1656.569497
32044000	32064000	1084.362250
32044000	32068000	901.201420
32044000	32072000	702.826080
32044000	32076000	501.506860
32044000	32080000	519.206360
32044000	32084000	555.773312
32044000	32088000	534.831490
32044000	32092000	540.734372
32044000	32096000	377.319310
32044000	32100000	283.041930
32044000	32104000	377.784352
32044000	32108000	310.054360
32044000	32112000	374.662213
32044000	32116000	291.383290
32044000	32120000	170.208970
32044000	32124000	185.956200
32044000	32128000	274.677340
32044000	32132000	243.688180
32044000	32136000	245.206190
32044000	32140000	84.819570
32044000	32144000	102.252635
32044000	32148000	65.351520
32044000	32152000	60.278790
32044000	32156000	82.933318
32044000	32160000	42.983700
32044000	32164000	61.539510
32044000	32168000	67.544735
32044000	32172000	81.925000
32044000	32176000	92.174640
32044000	32180000	99.979850
32044000	32184000	87.098630
32044000	32188000	123.668560
32044000	32192000	154.848760
32044000	32196000	165.213590
32044000	32200000	249.075625
32044000	32204000	248.023560
32044000	32208000	364.958408
32044000	32212000	350.507090
32044000	32216000	368.146330
32044000	32220000	463.779040
32044000	32224000	671.337472
32044000	32228000	527.606292
32044000	32232000	436.826290
32044000	32236000	674.104552
32044000	32240000	486.190780
32044000	32244000	485.107027
32044000	32248000	418.648510
32044000	32252000	441.282983
32044000	32256000	399.443640
32044000	32260000	381.969843
32044000	32264000	357.372010
32044000	32268000	470.485490
32044000	32272000	375.044820
32044000	32276000	351.973083
32044000	32280000	300.062200
32044000	32284000	277.334032
32044000	32288000	273.668910
32044000	32292000	297.582448
32044000	32296000	288.372860
32048000	32000000	529.052300
32048000	32004000	483.815190
32048000	32008000	571.289290
32048000	32012000	552.657020
32048000	32016000	674.938720
32048000	32020000	1112.796660
32048000	32024000	1101.039910
32048000	32028000	1241.149290
32048000	32032000	1454.858450
32048000	32036000	2418.057260
32048000	32040000	3000
32048000	32044000	3000
32048000	32048000	3000
32048000	32052000	3000
32048000	32056000	3000
32048000	32060000	2242.261990
32048000	32064000	1569.680360
32048000	32068000	1087.660430
32048000	32072000	1013.489800
32048000	32076000	458.743140
32048000	32080000	666.972550
32048000	32084000	666.249060
32048000	32088000	812.212150
32048000	32092000	704.169760
32048000	32096000	438.323800
32048000	32100000	405.725410
32048000	32104000	526.169400
32048000	32108000	412.015790
32048000	32112000	491.474720
32048000	32116000	387.211560
32048000	32120000	352.622350
32048000	32124000	298.419560
32048000	32128000	355.581120
32048000	32132000	358.057310
32048000	32136000	323.563290
32048000	32140000	212.331890
32048000	32144000	158.947330
32048000	32148000	99.268200
32048000	32152000	74.513860
32048000	32156000	123.874640
32048000	32160000	82.177160
32048000	32164000	80.941720
32048000	32168000	73.300170
32048000	32172000	95.318640
32048000	32176000	101.272360
32048000	32180000	123.866110
32048000	32184000	167.558000
32048000	32188000	149.936460
32048000	32192000	202.562600
32048000	32196000	216.946030
32048000	32200000	293.789390
32048000	32204000	378.097800
32048000	32208000	440.043190
32048000	32212000	435.836040
32048000	32216000	521.212070
32048000	32220000	585.028750
32048000	32224000	941.831040
32048000	32228000	652.981280
32048000	32232000	551.031980
32048000	32236000	982.090400
32048000	32240000	634.183740
32048000	32244000	561.920930
32048000	32248000	526.135790
32048000	32252000	513.799810
32048000	32256000	449.114500
32048000	32260000	393.225790
32048000	32264000	453.528280
32048000	32268000	651.668320
32048000	32272000	469.847500
32048000	32276000	356.690130
32048000	32280000	349.321060
32048000	32284000	275.194710
32048000	32288000	333.129550
32048000	32292000	328.773480
32048000	32296000	302.129270
32052000	32000000	427.220280
32052000	32004000	441.957950
32052000	32008000	491.656080
32052000	32012000	529.470755
32052000	32016000	634.846080
32052000	32020000	866.918563
32052000	32024000	829.830930
32052000	32028000	1016.705798
32052000	32032000	1188.869860
32052000	32036000	1682.286890
32052000	32040000	1814.959950
32052000	32044000	3000
32052000	32048000	3000
32052000	32052000	3000
32052000	32056000	3000
32052000	32060000	3000
32052000	32064000	1855.650450
32052000	32068000	1441.189453
32052000	32072000	1038.542250
32052000	32076000	678.894887
32052000	32080000	653.582320
32052000	32084000	690.018597
32052000	32088000	668.106280
32052000	32092000	679.304795
32052000	32096000	514.272460
32052000	32100000	325.191060
32052000	32104000	430.988975
32052000	32108000	366.242970
32052000	32112000	436.968710
32052000	32116000	347.901190
32052000	32120000	303.053030
32052000	32124000	340.338690
32052000	32128000	331.854800
32052000	32132000	223.378750
32052000	32136000	258.927810
32052000	32140000	114.828100
32052000	32144000	108.373877
32052000	32148000	66.922610
32052000	32152000	78.947470
32052000	32156000	98.628197
32052000	32160000	89.047650
32052000	32164000	72.878630
32052000	32168000	75.070477
32052000	32172000	102.338220
32052000	32176000	108.030907
32052000	32180000	128.750890
32052000	32184000	149.107660
32052000	32188000	154.664996
32052000	32192000	177.452809
32052000	32196000	191.552970
32052000	32200000	276.367157
32052000	32204000	291.498090
32052000	32208000	400.305890
32052000	32212000	392.267090
32052000	32216000	442.496140
32052000	32220000	545.315560
32052000	32224000	706.621059
32052000	32228000	594.906799
32052000	32232000	547.287030
32052000	32236000	791.594855
32052000	32240000	569.345650
32052000	32244000	537.783615
32052000	32248000	430.694380
32052000	32252000	463.040388
32052000	32256000	392.670640
32052000	32260000	404.646867
32052000	32264000	413.614510
32052000	32268000	509.226558
32052000	32272000	434.490600
32052000	32276000	380.765022
32052000	32280000	354.625120
32052000	32284000	293.862280
32052000	32288000	286.535030
32052000	32292000	309.079173
32052000	32296000	296.405360
32056000	32000000	391.860660
32056000	32004000	365.140250
32056000	32008000	430.979110
32056000	32012000	438.723840
32056000	32016000	536.814200
32056000	32020000	890.200580
32056000	32024000	771.895240
32056000	32028000	806.973110
32056000	32032000	898.993850
32056000	32036000	1307.260490
32056000	32040000	1559.916860
32056000	32044000	2011.091100
32056000	32048000	3000
32056000	32052000	3000
32056000	32056000	3000
32056000	32060000	3000
32056000	32064000	2982.970710
32056000	32068000	1782.904680
32056000	32072000	1318.233690
32056000	32076000	564.711840
32056000	32080000	688.771860
32056000	32084000	772.136730
32056000	32088000	905.869340
32056000	32092000	830.670680
32056000	32096000	516.957320
32056000	32100000	433.945330
32056000	32104000	506.352470
32056000	32108000	405.689620
32056000	32112000	542.255960
32056000	32116000	392.385110
32056000	32120000	330.472060
32056000	32124000	290.397520
32056000	32128000	408.120640
32056000	32132000	325.732190
32056000	32136000	269.087850
32056000	32140000	164.644800
32056000	32144000	92.797470
32056000	32148000	80.289120
32056000	32152000	75.013980
32056000	32156000	102.643030
32056000	32160000	60.831570
32056000	32164000	68.448230
32056000	32168000	51.764890
32056000	32172000	80.136310
32056000	32176000	99.762160
32056000	32180000	117.260640
32056000	32184000	137.293330
32056000	32188000	142.211330
32056000	32192000	152.439570
32056000	32196000	198.162320
32056000	32200000	328.628180
32056000	32204000	390.433610
32056000	32208000	477.415190
32056000	32212000	430.107800
32056000	32216000	474.371670
32056000	32220000	523.665220
32056000	32224000	792.707760
32056000	32228000	633.386170
32056000	32232000	572.754860
32056000	32236000	1067.656340
32056000	32240000	620.607540
32056000	32244000	589.173500
32056000	32248000	493.490790
32056000	32252000	514.996720
32056000	32256000	454.425130
32056000	32260000	419.076530
32056000	32264000	452.315510
32056000	32268000	537.132800
32056000	32272000	495.861590
32056000	32276000	377.254240
32056000	32280000	299.216720
32056000	32284000	259.094260
32056000	32288000	306.346420
32056000	32292000	324.602820
32056000	32296000	296.445760
32060000	32000000	400.309740
32060000	32004000	379.954932
32060000	32008000	449.032590
32060000	32012000	460.742358
32060000	32016000	613.864260
32060000	32020000	752.828162
32060000	32024000	805.318090
32060000	32028000	801.161057
32060000	32032000	966.075660
32060000	32036000	1123.169870
32060000	32040000	1288.562650
32060000	32044000	1656.569497
32060000	32048000	2242.261990
32060000	32052000	3000
32060000	32056000	3000
32060000	32060000	3000
32060000	32064000	3000
32060000	32068000	3000
32060000	32072000	2058.753470
32060000	32076000	1208.418717
32060000	32080000	1075.382380
32060000	32084000	1002.629710
32060000	32088000	1008.468160
32060000	32092000	929.770045
32060000	32096000	728.344550
32060000	32100000	378.451000
32060000	32104000	500.606730
32060000	32108000	487.624890
32060000	32112000	525.039472
32060000	32116000	385.983740
32060000	32120000	394.690620
32060000	32124000	365.707680
32060000	32128000	392.693123
32060000	32132000	298.329100
32060000	32136000	318.100850
32060000	32140000	143.335710
32060000	32144000	124.583590
32060000	32148000	106.382450
32060000	32152000	78.816720
32060000	32156000	94.967078
32060000	32160000	68.040750
32060000	32164000	82.958920
32060000	32168000	84.667260
32060000	32172000	133.513190
32060000	32176000	125.307990
32060000	32180000	151.222500
32060000	32184000	180.720020
32060000	32188000	173.496047
32060000	32192000	183.719743
32060000	32196000	186.762870
32060000	32200000	331.321908
32060000	32204000	405.351640
32060000	32208000	498.733277
32060000	32212000	503.673980
32060000	32216000	506.363590
32060000	32220000	625.600090
32060000	32224000	783.701984
32060000	32228000	700.388566
32060000	32232000	699.502430
32060000	32236000	910.194325
32060000	32240000	689.385990
32060000	32244000	629.828977
32060000	32248000	588.344600
32060000	32252000	552.574222
32060000	32256000	559.894970
32060000	32260000	473.419505
32060000	32264000	468.304340
32060000	32268000	513.805895
32060000	32272000	487.721350
32060000	32276000	418.935865
32060000	32280000	346.213080
32060000	32284000	311.908905
32060000	32288000	361.527970
32060000	32292000	339.871522
32060000	32296000	337.139060
32064000	32000000	359.491930
32064000	32004000	305.337150
32064000	32008000	339.155450
32064000	32012000	341.348740
32064000	32016000	445.645550
32064000	32020000	701.929720
32064000	32024000	591.805120
32064000	32028000	626.277370
32064000	32032000	690.003550
32064000	32036000	930.780680
32064000	32040000	1046.201530
32064000	32044000	1084.362250
32064000	32048000	1569.680360
32064000	32052000	1855.650450
32064000	32056000	2982.970710
32064000	32060000	3000
32064000	32064000	3000
32064000	32068000	3000
32064000	32072000	2615.086750
32064000	32076000	1134.827180
32064000	32080000	1120.012580
32064000	32084000	1154.531570
32064000	32088000	1274.060880
32064000	32092000	1151.596790
32064000	32096000	712.439040
32064000	32100000	596.074700
32064000	32104000	629.998560
32064000	32108000	545.517170
32064000	32112000	684.293300
32064000	32116000	471.925360
32064000	32120000	466.041580
32064000	32124000	362.403170
32064000	32128000	498.615070
32064000	32132000	436.640060
32064000	32136000	330.605570
32064000	32140000	209.751590
32064000	32144000	155.818730
32064000	32148000	111.052620
32064000	32152000	100.364880
32064000	32156000	130.367810
32064000	32160000	67.335040
32064000	32164000	94.583970
32064000	32168000	70.432040
32064000	32172000	110.886450
32064000	32176000	116.734110
32064000	32180000	145.959010
32064000	32184000	153.949520
32064000	32188000	186.304250
32064000	32192000	212.942230
32064000	32196000	253.436080
32064000	32200000	404.544940
32064000	32204000	462.189200
32064000	32208000	608.492300
32064000	32212000	529.555200
32064000	32216000	621.291830
32064000	32220000	664.784440
32064000	32224000	1041.631770
32064000	32228000	818.431460
32064000	32232000	697.684980
32064000	32236000	1184.232540
32064000	32240000	754.888300
32064000	32244000	652.411820
32064000	32248000	581.767260
32064000	32252000	547.060600
32064000	32256000	511.728280
32064000	32260000	446.402180
32064000	32264000	486.219090
32064000	32268000	562.065090
32064000	32272000	525.427930
32064000	32276000	464.554790
32064000	32280000	396.647010
32064000	32284000	280.800310
32064000	32288000	297.716920
32064000	32292000	336.216240
32064000	32296000	301.498900
32068000	32000000	259.846630
32068000	32004000	280.391758
32068000	32008000	298.413000
32068000	32012000	316.599783
32068000	32016000	341.198710
32068000	32020000	531.887187
32068000	32024000	465.432650
32068000	32028000	533.615497
32068000	32032000	586.105300
32068000	32036000	752.345712
32068000	32040000	729.956920
32068000	32044000	901.201420
32068000	32048000	1087.660430
32068000	32052000	1441.189453
32068000	32056000	1782.904680
32068000	32060000	3000
32068000	32064000	3000
32068000	32068000	3000
32068000	32072000	3000
32068000	32076000	2011.542772
32068000	32080000	1227.383140
32068000	32084000	1479.550155
32068000	32088000	1079.313450
32068000	32092000	1171.613272
32068000	32096000	656.647090
32068000	32100000	343.320700
32068000	32104000	567.835663
32068000	32108000	444.421700
32068000	32112000	626.335483
32068000	32116000	394.917050
32068000	32120000	322.118050
32068000	32124000	313.862560
32068000	32128000	462.638618
32068000	32132000	325.459250
32068000	32136000	285.745940
32068000	32140000	112.424120
32068000	32144000	147.406997
32068000	32148000	107.077480
32068000	32152000	83.129740
32068000	32156000	112.091318
32068000	32160000	82.576270
32068000	32164000	90.087580
32068000	32168000	88.952825
32068000	32172000	99.305190
32068000	32176000	136.664765
32068000	32180000	146.155980
32068000	32184000	144.135150
32068000	32188000	185.784095
32068000	32192000	198.535930
32068000	32196000	161.454360
32068000	32200000	377.897885
32068000	32204000	359.287580
32068000	32208000	572.529922
32068000	32212000	466.996880
32068000	32216000	480.848900
32068000	32220000	597.713560
32068000	32224000	930.650647
32068000	32228000	800.758100
32068000	32232000	618.457570
32068000	32236000	946.657135
32068000	32240000	662.381100
32068000	32244000	625.841257
32068000	32248000	480.308310
32068000	32252000	489.695187
32068000	32256000	412.296370
32068000	32260000	428.616715
32068000	32264000	377.369190
32068000	32268000	459.574465
32068000	32272000	356.861780
32068000	32276000	387.300365
32068000	32280000	336.605680
32068000	32284000	281.809098
32068000	32288000	263.348500
32068000	32292000	273.820985
32068000	32296000	229.362760
32072000	32000000	278.046030
32072000	32004000	257.970250
32072000	32008000	285.870820
32072000	32012000	285.438680
32072000	32016000	319.278980
32072000	32020000	618.987670
32072000	32024000	471.585060
32072000	32028000	456.646670
32072000	32032000	503.016660
32072000	32036000	762.539950
32072000	32040000	762.785050
32072000	32044000	702.826080
32072000	32048000	1013.489800
32072000	32052000	1038.542250
32072000	32056000	1318.233690
32072000	32060000	2058.753470
32072000	32064000	2615.086750
32072000	32068000	3000
32072000	32072000	3000
32072000	32076000	2158.399580
32072000	32080000	2407.049620
32072000	32084000	2456.972460
32072000	32088000	2000.520790
32072000	32092000	1798.895760
32072000	32096000	936.324190
32072000	32100000	753.855150
32072000	32104000	853.601690
32072000	32108000	714.763200
32072000	32112000	981.709880
32072000	32116000	668.522660
32072000	32120000	566.416180
32072000	32124000	503.253510
32072000	32128000	712.617590
32072000	32132000	659.654620
32072000	32136000	521.468400
32072000	32140000	318.687410
32072000	32144000	214.307660
32072000	32148000	161.774290
32072000	32152000	135.049420
32072000	32156000	152.291450
32072000	32160000	91.190360
32072000	32164000	111.993880
32072000	32168000	95.986490
32072000	32172000	139.620490
32072000	32176000	184.463780
32072000	32180000	214.746080
32072000	32184000	227.124170
32072000	32188000	257.015690
32072000	32192000	269.838910
